mechanism, data size, buffer/package size, how many reps for avg, Transfer time, Overall time
socket,4,100000,2,115709,365815,
socket,4,100000,4,76370,311616,
socket,4,100000,6,62153,287518,
socket,4,100000,8,58728,278487,
socket,4,100000,10,56694,277048,
socket,4,100000,12,55148,276309,
socket,4,100000,14,53745,272956,
socket,4,100000,16,52073,264917,
socket,4,100000,18,50370,267576,
socket,4,100000,20,48420,259513,
socket,4,100000,22,46512,253848,
socket,4,100000,24,45013,248673,
socket,4,100000,26,43770,244322,
socket,4,100000,28,42830,243272,
socket,4,100000,30,41795,241187,
socket,4,100000,32,41242,238772,
socket,4,100000,34,40401,236410,
socket,4,100000,36,39699,234809,
socket,4,100000,38,39115,234083,
socket,4,100000,40,38548,232306,
socket,4,100000,42,37988,231373,
socket,4,100000,44,37669,230596,
socket,4,100000,46,37282,229734,
socket,4,100000,48,36946,228500,
socket,4,100000,50,36459,227158,
socket,4,100000,52,36152,226379,
socket,4,100000,54,35894,225665,
socket,4,100000,56,35663,225299,
socket,4,100000,58,35457,225578,
socket,4,100000,60,35191,224797,
socket,4,100000,62,34990,224164,
socket,4,100000,64,34813,224362,
socket,4,100000,66,34596,223730,
socket,4,100000,68,34379,222614,
socket,4,100000,70,34198,222117,
socket,4,100000,72,34037,221568,
socket,4,100000,74,33975,220779,
socket,4,100000,76,33833,220428,
socket,4,100000,78,33682,220005,
socket,4,100000,80,33571,219697,
socket,16,100000,2,30139,214314,
socket,16,100000,4,28705,215371,
socket,16,100000,6,28532,211912,
socket,16,100000,8,28204,207452,
socket,16,100000,10,28050,205734,
socket,16,100000,12,28511,207198,
socket,16,100000,14,28677,206632,
socket,16,100000,16,28494,207060,
socket,16,100000,18,28922,207635,
socket,16,100000,20,28964,211651,
socket,16,100000,22,28997,212160,
socket,16,100000,24,28757,211671,
socket,16,100000,26,28865,211760,
socket,16,100000,28,28908,212786,
socket,16,100000,30,28975,213158,
socket,16,100000,32,29108,214387,
socket,16,100000,34,29045,214715,
socket,16,100000,36,28949,215130,
socket,16,100000,38,28911,215341,
socket,16,100000,40,28890,215319,
socket,16,100000,42,28980,215294,
socket,16,100000,44,28928,216791,
socket,16,100000,46,28959,216396,
socket,16,100000,48,28934,217335,
socket,16,100000,50,28956,217262,
socket,16,100000,52,29010,217788,
socket,16,100000,54,29080,217867,
socket,16,100000,56,29189,218179,
socket,16,100000,58,29145,218171,
socket,16,100000,60,29109,218834,
socket,16,100000,62,29398,219393,
socket,16,100000,64,29344,219645,
socket,16,100000,66,29339,219763,
socket,16,100000,68,29452,219794,
socket,16,100000,70,29450,219580,
socket,16,100000,72,29492,219616,
socket,16,100000,74,29486,219917,
socket,16,100000,76,29474,220456,
socket,16,100000,78,29443,220300,
socket,16,100000,80,29665,220899,
socket,64,100000,2,29061,238637,
socket,64,100000,4,28628,243495,
socket,64,100000,6,28704,238629,
socket,64,100000,8,28865,236720,
socket,64,100000,10,29437,238743,
socket,64,100000,12,29244,236919,
socket,64,100000,14,29171,237388,
socket,64,100000,16,28998,236552,
socket,64,100000,18,29049,237247,
socket,64,100000,20,29192,237218,
socket,64,100000,22,29086,235509,
socket,64,100000,24,29046,234482,
socket,64,100000,26,29065,234871,
socket,64,100000,28,29034,234753,
socket,64,100000,30,29171,235823,
socket,64,100000,32,29280,235758,
socket,64,100000,34,30153,237031,
socket,64,100000,36,30105,236579,
socket,64,100000,38,30496,237601,
socket,64,100000,40,30451,238737,
socket,64,100000,42,30452,239382,
socket,64,100000,44,30452,239420,
socket,64,100000,46,30460,239319,
socket,64,100000,48,30922,240242,
socket,64,100000,50,30774,239989,
socket,64,100000,52,30708,240613,
socket,64,100000,54,30740,242438,
socket,64,100000,56,30659,242805,
socket,64,100000,58,30678,243473,
socket,64,100000,60,30687,243800,
socket,64,100000,62,31016,244699,
socket,64,100000,64,31052,244759,
socket,64,100000,66,30932,244902,
socket,64,100000,68,30915,245030,
socket,64,100000,70,31218,245847,
socket,64,100000,72,31174,245835,
socket,64,100000,74,31145,246204,
socket,64,100000,76,31098,246405,
socket,64,100000,78,31062,246832,
socket,64,100000,80,31053,247091,
socket,256,100000,2,27292,235569,
socket,256,100000,4,30085,251157,
socket,256,100000,6,30080,258131,
socket,256,100000,8,44513,274432,
socket,256,100000,10,42406,282249,
socket,256,100000,12,41677,280320,
socket,256,100000,14,40257,275453,
socket,256,100000,16,39252,276183,
socket,256,100000,18,38049,275083,
socket,256,100000,20,37078,272954,
socket,256,100000,22,36486,272786,
socket,256,100000,24,36272,273019,
socket,256,100000,26,35756,271809,
socket,256,100000,28,35249,271063,
socket,256,100000,30,34963,270583,
socket,256,100000,32,34755,270675,
socket,256,100000,34,34578,270810,
socket,256,100000,36,34498,271652,
socket,256,100000,38,34299,272643,
socket,256,100000,40,34165,271624,
socket,256,100000,42,33895,271002,
socket,256,100000,44,33705,271369,
socket,256,100000,46,33528,270448,
socket,256,100000,48,33324,270140,
socket,256,100000,50,33014,270762,
socket,256,100000,52,32897,270670,
socket,256,100000,54,32749,270914,
socket,256,100000,56,32721,270578,
socket,256,100000,58,32537,270884,
socket,256,100000,60,32373,270784,
socket,256,100000,62,32256,270606,
socket,256,100000,64,32307,270958,
socket,256,100000,66,32258,270637,
socket,256,100000,68,32158,270105,
socket,256,100000,70,32076,270427,
socket,256,100000,72,31978,270694,
socket,256,100000,74,31884,271017,
socket,256,100000,76,32098,271170,
socket,256,100000,78,32012,271491,
socket,256,100000,80,31907,271170,
socket,1024,100000,2,28481,267205,
socket,1024,100000,4,30086,287503,
socket,1024,100000,6,29956,277770,
socket,1024,100000,8,29971,277232,
socket,1024,100000,10,30769,277229,
socket,1024,100000,12,30584,274057,
socket,1024,100000,14,30289,274274,
socket,1024,100000,16,30139,275203,
socket,1024,100000,18,30683,275096,
socket,1024,100000,20,30429,276066,
socket,1024,100000,22,30589,276842,
socket,1024,100000,24,30684,278255,
socket,1024,100000,26,30667,278867,
socket,1024,100000,28,30479,278521,
socket,1024,100000,30,30492,280354,
socket,1024,100000,32,30609,280944,
socket,1024,100000,34,30728,281667,
socket,1024,100000,36,30666,281181,
socket,1024,100000,38,31042,281157,
socket,1024,100000,40,31071,281770,
socket,1024,100000,42,30934,282605,
socket,1024,100000,44,31129,282950,
socket,1024,100000,46,31235,283389,
socket,1024,100000,48,31252,284129,
socket,1024,100000,50,31201,284891,
socket,1024,100000,52,31543,286087,
socket,1024,100000,54,31495,286834,
socket,1024,100000,56,31835,287561,
socket,1024,100000,58,31796,288594,
socket,1024,100000,60,31867,288755,
socket,1024,100000,62,31992,289992,
socket,1024,100000,64,32090,290749,
socket,1024,100000,66,32128,290799,
socket,1024,100000,68,32215,291421,
socket,1024,100000,70,32351,292263,
socket,1024,100000,72,32344,292909,
socket,1024,100000,74,32192,293389,
socket,1024,100000,76,32446,294359,
socket,1024,100000,78,32621,294386,
socket,1024,100000,80,32718,295125,
socket,4096,100000,2,88230,369970,
socket,4096,100000,4,62031,353378,
socket,4096,100000,6,52570,342300,
socket,4096,100000,8,48576,336448,
socket,4096,100000,10,45856,337526,
socket,4096,100000,12,43076,334881,
socket,4096,100000,14,41684,332425,
socket,4096,100000,16,41549,329655,
socket,4096,100000,18,40698,329260,
socket,4096,100000,20,40842,328884,
socket,4096,100000,22,39965,326439,
socket,4096,100000,24,39707,327815,
socket,4096,100000,26,40034,326902,
socket,4096,100000,28,39497,325970,
socket,4096,100000,30,38806,324046,
socket,4096,100000,32,38337,323740,
socket,4096,100000,34,37872,322096,
socket,4096,100000,36,37375,321030,
socket,4096,100000,38,37232,322963,
socket,4096,100000,40,36924,323231,
socket,4096,100000,42,36615,322498,
socket,4096,100000,44,36533,323305,
socket,4096,100000,46,36620,323348,
socket,4096,100000,48,36403,323838,
socket,4096,100000,50,36401,324250,
socket,4096,100000,52,36199,323973,
socket,4096,100000,54,36035,323809,
socket,4096,100000,56,35967,324448,
socket,4096,100000,58,35755,324211,
socket,4096,100000,60,35610,324823,
socket,4096,100000,62,35404,324588,
socket,4096,100000,64,35266,324266,
socket,4096,100000,66,35230,324374,
socket,4096,100000,68,35995,326733,
socket,4096,100000,70,35860,327524,
socket,4096,100000,72,35778,328677,
socket,4096,100000,74,35671,328477,
socket,4096,100000,76,35568,329067,
socket,4096,100000,78,35511,328900,
socket,4096,100000,80,35374,329256,
socket,16384,100000,2,35320,353116,
socket,16384,100000,4,34777,349054,
socket,16384,100000,6,35691,346113,
socket,16384,100000,8,35930,341944,
socket,16384,100000,10,35670,341421,
socket,16384,100000,12,36586,344879,
socket,16384,100000,14,36715,346757,
socket,16384,100000,16,36466,346071,
socket,16384,100000,18,36677,350924,
socket,16384,100000,20,37167,354520,
socket,16384,100000,22,37432,354678,
socket,16384,100000,24,37450,355142,
socket,16384,100000,26,37453,355224,
socket,16384,100000,28,37494,355645,
socket,16384,100000,30,38215,357832,
socket,16384,100000,32,38099,358415,
socket,16384,100000,34,37938,357529,
socket,16384,100000,36,38231,357263,
socket,16384,100000,38,38049,358597,
socket,16384,100000,40,38267,359023,
socket,16384,100000,42,39704,360363,
socket,16384,100000,44,39834,363085,
socket,16384,100000,46,39958,367452,
socket,16384,100000,48,40066,368806,
socket,16384,100000,50,40222,369272,
socket,16384,100000,52,40370,369370,
socket,16384,100000,54,40429,369509,
socket,16384,100000,56,40226,369666,
socket,16384,100000,58,40317,368902,
socket,16384,100000,60,40207,368716,
socket,16384,100000,62,40189,369126,
socket,16384,100000,64,40247,368547,
socket,16384,100000,66,40172,369117,
socket,16384,100000,68,40053,368482,
socket,16384,100000,70,39940,368127,
socket,16384,100000,72,39847,367911,
socket,16384,100000,74,39886,367744,
socket,16384,100000,76,39819,367579,
socket,16384,100000,78,40471,367547,
socket,16384,100000,80,40449,367471,
socket,65536,100000,2,62660,419728,
socket,65536,100000,4,57500,421958,
socket,65536,100000,6,56431,420420,
socket,65536,100000,8,58869,422638,
socket,65536,100000,10,65771,427139,
socket,65536,100000,12,63885,425946,
socket,65536,100000,14,62638,426423,
socket,65536,100000,16,62438,423540,
socket,65536,100000,18,61761,427029,
socket,65536,100000,20,60854,424997,
socket,65536,100000,22,60231,425367,
socket,65536,100000,24,60106,427780,
socket,65536,100000,26,59881,427051,
socket,65536,100000,28,59406,426543,
socket,65536,100000,30,58818,426151,
socket,65536,100000,32,59602,429005,
socket,65536,100000,34,59604,429788,
socket,65536,100000,36,59510,432477,
socket,65536,100000,38,59236,431311,
socket,65536,100000,40,59116,433285,
socket,65536,100000,42,59005,433108,
socket,65536,100000,44,58801,432863,
socket,65536,100000,46,58712,433327,
socket,65536,100000,48,58847,434665,
socket,65536,100000,50,58902,434882,
socket,65536,100000,52,58647,434385,
socket,65536,100000,54,58669,434012,
socket,65536,100000,56,58536,433287,
socket,65536,100000,58,58343,433297,
socket,65536,100000,60,58601,433836,
socket,65536,100000,62,58493,435109,
socket,65536,100000,64,58698,437147,
socket,65536,100000,66,58591,436489,
socket,65536,100000,68,58522,436847,
socket,65536,100000,70,58553,435545,
socket,65536,100000,72,58312,435746,
socket,65536,100000,74,58487,434651,
socket,65536,100000,76,58374,434527,
socket,65536,100000,78,58251,434483,
socket,65536,100000,80,58124,434099,
